-137121	-599386	451678	-394935	-412343
834922	240385	594938	845762	685521
-339785	-156302	34479	-931523	-162871
-194085	-468320	658143	968314	-421286
-430069	947667	-823540	-828046	681019
140988	-236261	590540	144240	-622555
-483275	-820827	-827155	-914231	-722513
476616	365029	535931	444647	569157
294583	-374816	570087	820343	-515742
-328790	-830436	-958490	-255258	-650684
635998	-310308	-78424	406297	-94298
975862	-996103	-995524	-733089	808824
957885	-236547	588877	792115	906674
-116284	903665	843784	-438234	-850027
818264	242518	-907710	551764	-991100
895517	-507163	-262	306695	-21357
-244006	-117625	575717	-376911	599375
-73951	878430	594380	71133	-197591
406621	672933	972572	671708	580071
471774	176400	272311	276076	-902906
-549108	178717	983741	248354	929415
-145752	-928333	697672	-514247	-720862
368180	-907798	-608314	779298	364449
-711709	-7120	539223	970685	397028
164878	68693	71568	521624	-839664
-907735	-937158	507644	-515442	818759
-477122	378451	809344	-243664	-626722
-639389	322995	500942	-581722	619757
-496569	208784	902652	383355	-562880
-801250	986970	237552	19362	793620
-985671	958797	290702	700473	-209621
32000	527385	-235773	-719491	-713913
343202	-601286	-856710	551243	-963951
787583	464482	-323030	-421519	-509017
879008	871368	738695	-999104	-442616
753966	-732352	-314102	-491108	501973
785306	-102997	243073	-209765	-756905
11868	-777392	-119551	184484	302916
566970	-876766	785216	-561047	-786898
-804145	734509	-130858	462172	-778667
164770	301895	-151647	-106305	962770
-358494	-843231	560974	-796894	-93899
-398263	836144	873595	460745	655158
-437276	791518	812211	-560334	-797844
-613785	-939155	394804	-887803	-424679
-856258	-428155	-259399	35634	445785
464177	-326298	634023	-575959	-86041
80351	15419	622525	-945559	-570263
-494713	638782	-139916	994222	392061
-201122	878008	677370	-106071	801004
-537834	-611360	-219525	-352542	529028
124909	638627	-800156	-264913	9265
290639	-433095	307582	-84538	-30690
-558107	-168607	998743	-619857	798416
-739460	-375466	-798034	-140578	-256102
-899589	-515066	617729	-548099	992676
-899880	-549859	347698	829736	-292759
-137921	-558024	-248339	504605	-602950
-629425	-829249	30324	-13327	-82958
-681530	-92944	802072	642515	-13612
134398	-166001	-620099	237794	-217008
-223855	573569	356333	305415	432448
-911450	473216	-543730	-256597	-479441
473751	517036	-346391	-962021	449877
-297559	519767	-529140	265486	-358458
590971	839622	-205271	-432223	858172
-773670	-990901	-581660	-737763	-257199
-305614	739456	976237	-581128	351058
916152	-884392	-964116	-760959	124020
682079	-646269	392837	-578802	733890
822383	-964952	666536	-42722	-679471
-133753	-917373	-476768	-782295	569414
745205	-39324	770986	-320566	-361720
656045	-614963	-227997	595712	-653165
413068	13573	-483626	-532295	28096
649866	-819600	-708000	35356	-683517
-205151	-43259	627387	-71856	352434
543810	-383108	405576	-279515	-445881
518527	-910821	-333330	614582	674211
406833	-865508	465485	859494	177478
-443193	-59688	19150	154063	106538
-518221	-370539	-503916	980580	136560
639799	-461517	607929	326707	513220
879974	-930781	176627	44150	796905
-688834	-942518	-915712	625365	-641433
354913	315504	465410	817736	708022
-495925	745125	162628	-842378	721539
742722	-120288	-358253	-757199	-585886
-434855	870150	637466	571039	-784875
-71099	671140	410614	-288448	424139
452363	-110238	244609	76717	-193902
155997	-796536	930134	675715	-655050
906714	-769355	-886607	-775121	513810
-440229	504833	-666546	-439860	899724
379976	-228381	304466	545975	125638
-452751	-798561	-633015	682264	572767
-22686	-992514	244240	-637057	-717053
686422	732003	-448390	-175132	-177144
678213	-26225	-403566	399039	872405
270503	-213361	-123608	958006	-703741
-583599	31832	-722856	-497363	-214162
439105	455475	720744	-958791	681417
-628090	-151770	469201	447590	-269750
-459375	79621	-862283	5070	448799
-768781	895806	95209	762928	6926
-998742	-240043	129700	238622	626738
695914	-883506	-496219	-999768	842586
558381	892575	-187406	-134450	667282
618028	463590	293055	48001	-235974
-320844	-238076	610327	-900211	-287559
371025	-176208	-504617	-850282	610196
-145494	-85512	-578516	-219213	-983023
-712908	819768	223608	-85893	-596434
-576665	127002	438370	451610	-124495
557409	768288	393857	-25614	615563
991398	-400534	79898	6616	79341
-12677	-122726	-136635	-176258	28282
-749175	39707	865818	-926350	258118
-670261	646	-917241	816978	476176
968797	-431271	297387	863664	-168312
972764	826793	-847151	-407637	788420
100657	-970828	-687407	763397	-294503
-385802	-961450	482643	964068	-968362
184878	-108738	397769	915504	-878498
690837	777713	-914958	1120	119103
-472490	-929925	539597	387702	-799818
710663	-201799	673648	-749399	-965343
-386456	-247360	-248412	-260970	-214142
273048	606028	214371	-69926	413131
-806495	478898	571888	-755642	299117
-269501	-798926	-17767	980400	-610971
493786	-691213	-196900	565252	553688
-521197	771626	83662	-923506	-801485
-354539	801262	991751	-118654	-806387
275611	-351562	694863	892199	980078
717836	27409	380965	-938131	-283314
-406741	984253	-194485	-710901	-703930
249992	154792	-281296	752131	698286
-960766	-347576	-862415	-632919	683084
-234066	298887	-949357	-28091	-805418
-616223	-284252	599934	-942680	571325
-133887	-740694	-907993	842211	-603554
266852	-111057	41346	-553366	-593780
-79962	118122	-690380	-115941	-866190
662156	-9267	827080	-464531	-983470
444381	29390	168473	-494306	769310
68526	-658467	-398860	189427	270925
-511708	-596765	894450	-537706	300740
312014	-82799	-367030	-615530	529456
-354172	237126	478855	327248	-119388
-619411	-571382	-715711	595228	844050
-785115	-586412	-880750	441801	689885
-353805	468757	208869	-484792	-143456
-363586	-6222	655193	-727831	-733228
-934541	-83690	-770538	-514674	605984
178745	581810	984194	-343727	20493
-39652	-68656	765659	761015	-808861
-30932	-525284	-81396	-959665	-448155
-39240	433987	126801	-491559	957847
-326532	-601664	157280	991439	198758
-259113	-9796	614427	-257709	223236
790018	-44181	-628025	-340433	689476
434396	753688	-791180	775646	718535
-315436	895554	725151	322895	-924159
-819869	332090	974556	-946568	112605
-248321	-20534	701314	-70345	-210224
897623	-29599	-876455	-26582	-500666
65997	-963615	-558318	76408	901018
-512588	804209	318699	159085	809288
478458	-818339	-43445	909198	-208741
-228921	-223243	-883563	400483	921674
-914733	-821933	524546	-621566	317302
-642884	-942257	872194	-294403	267025
-55906	13995	-417414	-81010	-579777
-673865	-11531	-159743	-325393	-204167
-411930	-543621	11112	440497	-490544
-516492	223754	-423475	304539	-919195
-310503	909642	392937	768615	-371134
111416	452552	-582046	498158	423363
758087	-513361	66705	840274	732298
-523987	901516	-268307	959893	994281
-728277	146199	72996	516693	783457
824547	-665312	181318	-40722	261388
919004	-159909	901291	934159	-875626
653706	-168043	-5355	166580	-691595
221206	215151	-199607	998251	308439
-120364	-461630	364074	722556	-314594
58442	-222615	-568452	647962	330691
547416	818550	438244	399815	-270634
138239	-90278	-111144	926579	912456
873549	801964	-434217	536580	-455137
388811	317132	-47735	146113	-38595
322755	548137	28275	33913	-218346
-221218	299329	-352405	-10038	594488
-794272	804879	760427	173729	432403
789216	-796670	-778518	-967465	698496
66272	733670	-924449	-377162	-113441
-226687	228042	394081	-261640	-990563
29137	172732	710523	-845350	-2309
907035	667487	-530771	277700	-904600
