347	-7092	-4951	-5808	-4167
-9186	7900	-4465	-4606	-1285
4185	9835	-8095	1420	-1817
-4734	-3112	-5295	1269	2844
-7915	4291	-7557	-3692	9055
9622	-7633	7298	703	4300
5689	6765	-1357	7256	242
6029	-9736	4746	-8401	3216
4827	2083	-5530	3880	-3815
-527	-9422	-8709	4449	-9601
7807	-5851	-6163	-9835	-3452
4047	-7245	5825	-6459	163
-2929	-3481	8068	-1768	-2083
9962	4867	3064	5309	8607
-2013	4235	-7422	-896	9240
5471	-3602	5507	9555	4715
6505	6037	166	-9295	-2269
6678	-4800	1618	-494	-4895
8647	6824	-9626	-7215	7105
6471	-3301	-5463	-3592	-8012
